1, 75.209831, 3.917100, 0.045607, 0.121176
2, 1.822027, 3.075687, 0.004363, 0.119373
3, 0.907489, 4.672062, 0.007568, 0.086848
4, 0.065010, 4.073908, 0.007176, 0.013133
5, 0.852055, 4.047952, 0.010223, 0.015772
6, 1.041451, 2.177366, 0.012163, 0.013334
7, 0.391186, 2.733720, 0.008450, 0.010715
8, 0.230479, 3.580222, 0.007269, 0.003185
9, 0.086025, 4.512204, 0.006565, 0.004248
10, 0.159412, 5.369250, 0.007454, 0.004221
11, -0.010499, 6.378723, 0.007135, 0.006475
12, 0.046449, 1.579616, 0.008014, 0.003453
13, -0.854198, 1.633136, 0.005592, 0.003718
14, -4.168246, 10.551431, 0.005601, 0.002346
15, -0.195981, 3.454986, 0.007184, 0.011810
16, -1.506327, 8.034641, 0.008240, 0.005376
17, -6.680347, 20.457395, 0.005127, 0.002609
18, -16.125607, 53.117465, 0.004385, 0.000719
19, -11.577799, 51.079070, 0.006582, 0.004769
20, -1.494267, 16.329776, 0.007990, 0.056224
21, -4.118714, 15.821126, 0.008107, 0.064547
22, -0.732457, 4.185931, 0.008265, 0.035757
23, -1.162083, 3.245058, 0.008381, 0.022514
24, -1.256960, 4.453322, 0.008646, 0.017413
25, -1.589579, 5.298843, 0.008656, 0.010223
26, -0.871375, 3.228365, 0.008866, 0.010011
27, -0.666838, 2.788134, 0.008728, 0.009080
28, -0.695362, 2.602209, 0.008613, 0.010453
29, -0.613888, 1.246661, 0.008761, 0.020805
30, -0.699540, 2.436738, 0.008613, 0.016326
31, -0.713416, -1.358775, 0.008651, 0.011326
32, -1.041513, 0.339161, 0.008650, 0.012997
33, -0.737896, -0.197232, 0.008673, 0.008639
34, -0.818819, 0.277850, 0.008481, 0.007081
35, -0.185833, 1.280620, 0.008542, 0.005707
36, -0.547417, 0.464802, 0.008376, 0.005644
37, -0.797873, 2.239715, 0.008247, 0.007706
38, -0.843778, 2.412936, 0.008175, 0.005229
39, -1.110999, 5.168928, 0.008086, 0.005283
40, -1.205496, 6.810311, 0.008277, 0.023440
41, -1.015309, 9.285329, 0.008550, 0.019102
42, -1.173893, 10.543473, 0.008274, 0.005812
43, -1.523540, 10.778244, 0.007791, 0.003687
44, -1.743967, 14.656188, 0.007956, 0.004209
45, -1.535674, 11.738839, 0.008082, 0.007306
46, -1.649863, 13.056382, 0.007471, 0.004321
47, -1.797436, 15.282829, 0.006984, 0.002952
48, -1.973553, 12.541442, 0.006750, 0.002503
49, -1.609495, 13.621312, 0.006941, 0.003757
50, -1.968497, 11.820462, 0.006237, 0.001432
51, -2.278889, 12.230236, 0.005881, 0.001934
52, -2.465423, 12.419174, 0.005611, 0.001989
53, -1.076319, 15.297535, 0.006790, 0.003750
54, -1.595205, 15.020588, 0.006357, 0.002682
55, -2.015013, 14.942347, 0.005620, 0.001917
56, -2.303051, 14.607353, 0.005115, 0.001226
57, -2.454022, 13.682534, 0.005005, 0.001803
58, -2.544227, 13.881600, 0.004519, 0.000953
59, -2.636260, 15.138013, 0.004300, 0.000973
60, -2.509615, 14.349573, 0.004264, 0.000987
61, -2.420021, 14.297476, 0.003774, 0.000604
62, -2.306596, 14.093983, 0.003495, 0.001477
63, -2.158571, 13.987746, 0.003687, 0.001465
64, 0.573965, 19.107102, 0.004343, 0.000801
65, 0.015413, 18.321485, 0.003607, 0.000547
66, -0.231791, 18.851905, 0.003620, 0.000907
67, -0.513541, 16.415548, 0.003432, 0.000587
68, -1.278436, 12.619822, 0.003363, 0.000738
69, -1.610988, 12.310520, 0.003191, 0.000666
70, -1.519504, 11.799050, 0.002787, 0.000418
71, -1.761495, 11.778774, 0.002604, 0.001120
72, -1.551080, 11.812965, 0.002571, 0.000392
73, -1.894435, 12.245153, 0.002479, 0.000391
74, -1.046975, 14.920479, 0.003327, 0.001111
75, -1.078368, 17.394738, 0.003210, 0.000604
76, -1.379667, 14.905274, 0.002417, 0.000305
77, -1.564285, 15.436150, 0.002171, 0.000714
78, -1.576525, 13.837587, 0.002172, 0.000274
79, -0.762172, 14.071780, 0.002440, 0.000389
80, -1.094437, 11.138881, 0.002340, 0.000261
81, -1.049904, 12.410401, 0.002179, 0.000226
82, -1.365536, 12.422873, 0.002132, 0.000382
83, -1.473769, 13.539930, 0.002055, 0.000353
84, -1.310000, 13.685909, 0.001741, 0.000282
85, -1.233638, 14.358827, 0.001780, 0.000251
86, -1.296200, 15.070742, 0.002075, 0.000458
87, -1.229149, 16.538552, 0.002001, 0.000508
88, 1.704887, 22.565584, 0.001805, 0.000113
89, 0.071873, 21.310134, 0.001616, 0.000067
90, 0.045919, 21.140525, 0.001438, 0.000065
91, 0.000508, 20.862594, 0.001381, 0.000104
92, 0.037003, 20.337954, 0.001627, 0.001775
93, 0.004784, 20.036695, 0.001314, 0.000087
94, -0.009296, 19.788701, 0.001350, 0.000104
95, -0.062425, 18.794055, 0.001783, 0.000256
96, -0.192321, 17.315519, 0.002514, 0.000825
97, -0.594908, 12.740939, 0.002749, 0.000631
98, -0.986321, 11.380433, 0.001967, 0.000255
99, -0.876188, 9.903967, 0.002132, 0.000535
100, -0.982861, 10.945427, 0.001563, 0.000187
101, -1.030644, 12.505556, 0.001700, 0.000251
102, -1.068331, 11.765725, 0.001519, 0.000176
103, -1.007074, 11.315475, 0.001442, 0.000188
104, -1.019511, 11.623387, 0.001431, 0.000411
105, -1.042581, 11.696100, 0.001287, 0.000139
106, -0.389709, 13.809306, 0.001454, 0.000191
107, -0.051524, 15.302008, 0.001258, 0.000078
108, -0.521195, 12.696939, 0.001435, 0.000515
109, -0.896638, 12.394772, 0.001331, 0.000169
110, -1.003150, 12.641508, 0.001254, 0.000127
111, -0.971708, 12.475460, 0.001347, 0.000469
112, -0.943022, 14.195828, 0.001926, 0.000548
113, -1.015757, 13.341490, 0.001587, 0.000187
114, -0.841480, 12.345124, 0.001636, 0.000231
115, -1.017090, 13.169325, 0.001633, 0.001211
116, -1.135317, 5.840025, 0.001947, 0.001317
117, -0.838578, 1.103803, 0.001557, 0.000208
118, -0.312463, 6.825515, 0.001289, 0.000098
119, -1.070799, 4.548570, 0.001530, 0.000147
120, -1.035298, 5.895080, 0.001494, 0.000137
121, -0.915998, 8.367394, 0.001589, 0.000199
122, -0.900465, 7.728547, 0.001510, 0.000226
123, -0.797538, 8.714863, 0.001309, 0.000163
124, 2.194551, 11.025675, 0.002117, 0.000980
125, 0.083658, 12.143703, 0.001303, 0.000064
126, 0.056684, 12.390778, 0.001086, 0.000047
127, 0.037780, 12.604985, 0.000972, 0.000046
128, 0.022786, 12.994485, 0.000922, 0.000039
129, 0.014247, 13.055713, 0.000867, 0.000109
130, 0.007073, 12.704963, 0.000921, 0.000049
131, 0.004993, 12.778516, 0.001207, 0.000092
132, 0.002782, 12.270156, 0.001073, 0.000067
133, -0.011765, 11.008379, 0.001100, 0.000118
134, -0.034930, 9.917414, 0.001119, 0.002611
135, -0.246607, 9.298093, 0.002038, 0.001151
136, -0.130881, 13.537062, 0.002242, 0.001136
137, -0.329970, 11.274790, 0.001665, 0.000259
138, -0.329441, 12.165011, 0.003114, 0.000991
139, -0.331665, 15.038150, 0.002254, 0.000383
140, -0.254847, 15.775551, 0.001571, 0.000118
141, -0.390338, 14.083268, 0.001505, 0.000139
142, -0.416888, 14.753745, 0.001540, 0.000175
143, -0.441656, 13.543952, 0.001691, 0.000400
144, -0.427392, 16.623561, 0.002372, 0.005644
145, -0.111424, 12.850345, 0.001792, 0.001002
146, 0.494199, 19.663791, 0.001982, 0.000361
147, 0.008558, 20.750021, 0.002146, 0.000323
148, -0.012794, 16.708480, 0.001993, 0.000238
149, 0.024082, 14.090390, 0.001768, 0.000235
150, -0.039688, 11.896766, 0.002058, 0.001561
151, -0.210690, 9.783495, 0.002099, 0.000498
152, -0.296144, 7.910396, 0.001645, 0.000169
153, -0.398514, 8.671337, 0.001679, 0.000315
154, -0.399976, 12.106114, 0.002333, 0.000793
155, -0.684557, 16.347477, 0.002540, 0.000706
156, -0.161435, 20.183095, 0.002216, 0.000324
157, -0.147870, 17.750564, 0.001801, 0.000237
158, -0.364169, 14.141034, 0.001617, 0.000159
159, -0.178690, 18.791569, 0.001457, 0.000148
160, -0.337222, 16.205547, 0.001413, 0.000539
161, -0.274419, 15.203930, 0.001597, 0.000398
162, -0.229267, 11.888286, 0.001940, 0.001042
163, -0.304691, 7.003717, 0.001502, 0.000223
164, -0.306358, 7.766027, 0.001709, 0.000307
165, -0.239262, 7.910862, 0.001842, 0.000351
166, -0.289801, 10.701195, 0.002395, 0.001050
167, -0.096740, 8.310589, 0.001633, 0.000208
168, -0.304476, 3.652181, 0.002808, 0.009909
169, -0.335692, 1.342723, 0.001693, 0.000282
170, -0.346057, 0.897823, 0.001477, 0.000174
171, -0.482228, 4.804170, 0.001537, 0.000180
172, -0.454063, 1.863240, 0.001414, 0.000120
173, -0.513573, 2.903037, 0.001555, 0.000197
174, -0.364904, 1.995542, 0.001505, 0.000147
175, -0.539552, 3.838279, 0.001780, 0.000487
176, -0.368256, 4.456139, 0.001615, 0.000254
177, -0.456078, -0.726791, 0.001512, 0.000188
178, -0.293679, -1.290027, 0.001550, 0.000172
179, -0.396513, -2.150751, 0.001470, 0.000178
180, -0.277803, 0.048145, 0.001463, 0.000160
181, -0.014167, 1.318461, 0.001453, 0.000246
182, -0.046261, 1.056444, 0.001392, 0.000596
183, -0.357763, 1.628008, 0.002234, 0.001451
184, -0.229647, 4.638721, 0.002000, 0.000321
185, -0.318189, 1.671556, 0.001576, 0.000180
186, -0.345947, 0.730003, 0.001651, 0.000530
187, -0.221472, 2.508674, 0.001841, 0.000576
188, -0.334877, -2.100073, 0.001378, 0.000129
189, -0.437708, -4.435196, 0.001299, 0.000102
190, -0.095365, -2.154627, 0.001484, 0.000115
191, -0.320312, -2.378094, 0.001964, 0.000370
192, -0.219421, -0.673326, 0.001644, 0.000187
193, -0.390268, 0.231103, 0.001634, 0.000191
194, -0.286884, 2.020639, 0.001866, 0.000163
195, -0.306860, 0.676909, 0.001728, 0.000729
196, -0.333938, -0.200997, 0.001572, 0.000216
197, -0.422312, -3.168146, 0.001521, 0.000377
198, -0.404033, -3.035256, 0.001563, 0.000220
199, -0.281165, -0.778475, 0.001558, 0.000148
200, -0.371499, -2.712537, 0.001751, 0.000352
