1, 89.140448, 4.899719, 0.053738, 0.098659
2, 1.237212, 3.572066, 0.007666, 0.089490
3, 1.589783, 1.096099, 0.015792, 0.038158
4, 0.806800, 1.198984, 0.014322, 0.038292
5, 0.268730, 2.209097, 0.011450, 0.017536
6, 0.152181, 4.113201, 0.011323, 0.012480
7, -0.032328, 7.059589, 0.011222, 0.009854
8, 0.076697, 9.591547, 0.012661, 0.010488
9, -0.037241, 11.067606, 0.012364, 0.003532
10, -0.696768, 14.442408, 0.011132, 0.010126
11, 0.893789, 13.330147, 0.015329, 0.021596
12, 0.335597, 8.665534, 0.010965, 0.005871
13, 0.139618, 8.082086, 0.008952, 0.003835
14, 0.210480, 6.312255, 0.009010, 0.003285
15, 0.331987, 4.365847, 0.008868, 0.001504
16, 0.317329, 2.863281, 0.008084, 0.001290
17, 0.335845, 1.863860, 0.007425, 0.000792
18, 0.400716, 0.763087, 0.007149, 0.001340
19, 0.262993, 0.281317, 0.005682, 0.001708
20, 0.203677, 0.166772, 0.004775, 0.001310
21, 0.114890, 0.449279, 0.004591, 0.014336
22, 0.027248, 0.537650, 0.004118, 0.002009
23, 0.060269, 0.104461, 0.003624, 0.000586
24, 0.077209, -0.093555, 0.003410, 0.000302
25, 0.086834, -0.171105, 0.003318, 0.000150
26, 0.070108, 0.000648, 0.003230, 0.000442
27, 0.469136, 0.025171, 0.003314, 0.001138
28, 0.074489, -0.262989, 0.002600, 0.000623
29, 0.032209, -0.152447, 0.002436, 0.000418
30, 0.018191, -0.128576, 0.002021, 0.000158
31, 0.014896, 0.102759, 0.002134, 0.000580
32, 0.014668, 0.156543, 0.002017, 0.000107
33, -0.005952, 0.631114, 0.004684, 0.032107
34, -0.043342, -0.115700, 0.007383, 0.018096
35, 0.006445, -1.193731, 0.004659, 0.014460
36, -0.047435, -1.066898, 0.004476, 0.018349
37, 0.574483, -2.650830, 0.004666, 0.005314
38, 0.030136, -3.532979, 0.002721, 0.001582
39, 0.001171, -3.187594, 0.002458, 0.002975
40, 0.002252, -3.127974, 0.002352, 0.002260
41, -0.001852, -3.101829, 0.002380, 0.002800
42, -0.005633, -3.555966, 0.002340, 0.002489
43, -1.899337, 19.674197, 0.006838, 0.085415
44, -20.919016, 55.476202, 0.006889, 0.089214
45, -20.586497, 70.134659, 0.006889, 0.088587
46, -30.701172, 68.101052, 0.013696, 0.083129
47, -33.806666, 66.212424, 0.006896, 0.089034
48, -39.202805, 79.593398, 0.006882, 0.088579
49, -59.205475, 94.219090, 0.006890, 0.089090
50, -64.007392, 94.335899, 0.006882, 0.088534
51, -61.862945, 96.354609, 0.006893, 0.088603
52, -84.640023, 104.382324, 0.006883, 0.088505
53, -41.493938, 74.640477, 0.010222, 1.440488
54, -17.247034, 32.995932, 0.009165, 0.077405
55, -18.244187, 47.270105, 0.009302, 0.073520
56, -27.563374, 74.221522, 0.009123, 0.072227
57, -23.858603, 62.140232, 0.011316, 0.093980
58, -2.873817, 15.406479, 0.012528, 0.071722
59, 4.289820, 20.611822, 0.011933, 0.071653
60, -4.357987, 29.908178, 0.012074, 0.071354
61, -6.105243, 32.372293, 0.011624, 0.070742
62, -6.022575, 26.920007, 0.012809, 0.075266
63, -7.075752, 30.877523, 0.012480, 0.077016
64, -7.755466, 35.806615, 0.012350, 0.068797
65, -5.695669, 34.193300, 0.012532, 0.060781
66, -2.616119, 26.777983, 0.013071, 0.068342
67, -3.273221, 24.977144, 0.012961, 0.063252
68, -3.163486, 25.715206, 0.012849, 0.068046
69, -3.150556, 31.892737, 0.012529, 0.065165
70, -2.428072, 28.813025, 0.013041, 0.064783
71, -1.306829, 23.444621, 0.013351, 0.065579
72, -0.950821, 25.470520, 0.012207, 0.054374
73, -0.633349, 27.871906, 0.011702, 0.029393
74, -0.453832, 26.838271, 0.011194, 0.016439
75, -0.558420, 24.293655, 0.010474, 0.009386
76, -0.421969, 20.946241, 0.010159, 0.019023
77, -0.402154, 19.957501, 0.008906, 0.006113
78, -0.350606, 19.030945, 0.008316, 0.004874
79, -0.386668, 19.647810, 0.007980, 0.004660
80, -0.391921, 19.925344, 0.007549, 0.005359
81, -0.454124, 16.355619, 0.007942, 0.006433
82, -0.532094, 19.583796, 0.007074, 0.003376
83, -0.562426, 15.972141, 0.007008, 0.004155
84, -0.618883, 16.745667, 0.006754, 0.003939
85, -0.701908, 15.696539, 0.006788, 0.003644
86, -0.763020, 12.924069, 0.007270, 0.006817
87, -0.926039, 15.444787, 0.006395, 0.003433
88, -0.945561, 12.559607, 0.006429, 0.004602
89, -0.975490, 10.909740, 0.007228, 0.021835
90, -0.573836, 14.078349, 0.005961, 0.002871
91, -1.056138, 14.309339, 0.005616, 0.001929
92, -1.112196, 13.888881, 0.005472, 0.002815
93, -1.146295, 10.026576, 0.005285, 0.002699
94, -1.145022, 9.631225, 0.005038, 0.003083
95, -1.082212, 7.967266, 0.004641, 0.003062
96, -1.155006, 8.602838, 0.004317, 0.001923
97, -1.170743, 9.111680, 0.004199, 0.004981
98, -1.107723, 3.986054, 0.005560, 0.013630
99, -1.283961, 7.020016, 0.004253, 0.002772
100, -0.991530, 9.286080, 0.003826, 0.001765
101, -1.257363, 8.403101, 0.003602, 0.002532
102, -1.354686, 7.337599, 0.003719, 0.002296
103, -1.359539, 5.727850, 0.003671, 0.002752
104, -1.489393, 8.022871, 0.003498, 0.001585
105, -1.388185, 6.149269, 0.003626, 0.003106
106, -1.578738, 3.886252, 0.003721, 0.004707
107, -1.514756, 4.450261, 0.003553, 0.003136
108, -1.192851, 3.639067, 0.003250, 0.001373
109, -0.627475, 4.775274, 0.003606, 0.001953
110, -1.284130, 2.031083, 0.003327, 0.001510
111, -1.628950, 1.725833, 0.003341, 0.001270
112, -1.637203, 4.086760, 0.003559, 0.001923
113, -1.592567, -0.089067, 0.003278, 0.001945
114, -1.522053, 0.228983, 0.004437, 0.011012
115, -1.713914, 0.289183, 0.003168, 0.001543
116, -1.881824, -1.035965, 0.003217, 0.001435
117, -1.659693, 0.500597, 0.003254, 0.001843
118, -1.889429, 0.477731, 0.003312, 0.001533
119, -1.755586, -2.561080, 0.003480, 0.004916
120, -1.190907, -8.813440, 0.004300, 0.006844
121, -1.773351, -7.726746, 0.003144, 0.001203
122, -1.622087, -5.894480, 0.002987, 0.001325
123, -1.626819, -5.783022, 0.002919, 0.001284
124, -1.094161, -3.846641, 0.003348, 0.001876
125, -1.225493, -8.502953, 0.003241, 0.000846
126, -1.874827, -5.701000, 0.003225, 0.001100
127, -1.211960, -6.570812, 0.003356, 0.001875
128, -1.219477, -7.303024, 0.002937, 0.000943
129, -1.405933, -7.710152, 0.002897, 0.000853
130, -1.031994, -8.343873, 0.004432, 0.014944
131, -0.602693, -16.352495, 0.005300, 0.010394
132, -1.443602, -11.900837, 0.003305, 0.000665
133, -1.120385, -10.792221, 0.003247, 0.001515
134, -1.420393, -15.294705, 0.002812, 0.000649
135, -1.397017, -11.132781, 0.002795, 0.000417
136, -1.184238, -14.198974, 0.004470, 0.004130
137, -1.441658, -16.786816, 0.002837, 0.000516
138, -1.661797, -14.117975, 0.002735, 0.000413
139, -1.779841, -13.974582, 0.002915, 0.000487
140, -1.321122, -13.303770, 0.002707, 0.000652
141, -1.342951, -13.791461, 0.003075, 0.003014
142, -1.476160, -19.179085, 0.002981, 0.001205
143, -1.684383, -17.660682, 0.002652, 0.000465
144, -0.898940, -19.605761, 0.002821, 0.000478
145, -1.071696, -17.495041, 0.002816, 0.000508
146, -1.489208, -17.583948, 0.002636, 0.000480
147, -1.430831, -14.809348, 0.002925, 0.000609
148, -1.426156, -13.499035, 0.002878, 0.000467
149, -1.350276, -10.926704, 0.003040, 0.000624
150, -1.551034, -17.694867, 0.004046, 0.002907
151, -1.504683, -16.575658, 0.003274, 0.014525
152, -1.535616, -19.894490, 0.003349, 0.005569
153, -1.356042, -17.061340, 0.002724, 0.001695
154, -1.575186, -15.137673, 0.002788, 0.001540
155, -1.669390, -15.872085, 0.002765, 0.001216
156, -1.553303, -13.707766, 0.002861, 0.001113
157, -1.318696, -13.278210, 0.002856, 0.001490
158, -1.576775, -18.222576, 0.003028, 0.003972
159, -1.647218, -20.414448, 0.002662, 0.001253
160, -1.418753, -17.100158, 0.002704, 0.001582
161, -1.324480, -21.385404, 0.002866, 0.004914
162, -0.952549, -23.255253, 0.003492, 0.004140
163, -1.138171, -22.621208, 0.002697, 0.003509
164, -1.461383, -18.490208, 0.002581, 0.000797
165, -1.928692, -17.231521, 0.002808, 0.001131
166, -1.771682, -19.880750, 0.002588, 0.000646
167, -1.529479, -19.964356, 0.002431, 0.000528
168, -1.518344, -20.480278, 0.002385, 0.000643
169, -1.043997, -28.768245, 0.002704, 0.001890
170, -1.401651, -24.034075, 0.002473, 0.000509
171, -0.902307, -19.931162, 0.002434, 0.000455
172, -1.782470, -23.373797, 0.002627, 0.000666
173, -1.335505, -21.777189, 0.002533, 0.000634
174, -1.280092, -25.087449, 0.002455, 0.000491
175, -1.202850, -26.138989, 0.002267, 0.000659
176, -1.184637, -25.595761, 0.002183, 0.000381
177, -1.033069, -25.305737, 0.002267, 0.000517
178, -1.447505, -26.011569, 0.002521, 0.000749
179, -1.251983, -25.216859, 0.002898, 0.003194
180, -1.239358, -26.046958, 0.002710, 0.000405
181, -1.475011, -26.553698, 0.002586, 0.000295
182, -1.291376, -29.413418, 0.002982, 0.002485
183, -1.586376, -28.542773, 0.002487, 0.000328
184, -1.505604, -27.362372, 0.002548, 0.000266
185, -1.271306, -32.593245, 0.002237, 0.000322
186, -1.490615, -27.426307, 0.002482, 0.000536
187, -1.975496, -26.115245, 0.002628, 0.000263
188, -2.555067, -21.822680, 0.002796, 0.000347
189, -1.399309, -22.288855, 0.002819, 0.000308
190, -1.211077, -26.895342, 0.003223, 0.002015
191, -1.306453, -27.398203, 0.002837, 0.000497
192, -1.235164, -26.247877, 0.002602, 0.000406
193, -1.319299, -27.719834, 0.002418, 0.000448
194, -1.192067, -29.288313, 0.002943, 0.001384
195, -0.550920, -26.847187, 0.002636, 0.000328
196, -0.862286, -29.390301, 0.002427, 0.000328
197, -1.613089, -33.149000, 0.002720, 0.000754
198, -0.991907, -32.112381, 0.002363, 0.000403
199, -1.263995, -31.792585, 0.002201, 0.000388
200, -1.339640, -32.086218, 0.002155, 0.000484
