1, 93.177521, 5.051590, 0.053613, 0.093217
2, 1.466247, 3.953468, 0.009496, 0.085370
3, 1.192712, 3.098911, 0.013801, 0.031505
4, 0.866018, 4.568399, 0.014446, 0.023718
5, -0.253576, 7.629604, 0.009547, 0.012885
6, 0.675877, 9.892461, 0.016015, 0.018702
7, 1.307560, 3.996106, 0.017529, 0.020765
8, 0.498227, 2.593177, 0.012325, 0.027367
9, 0.036912, 3.859588, 0.010947, 0.022587
10, 0.881278, 0.873553, 0.013941, 0.012448
11, 0.413706, -1.288379, 0.010696, 0.010303
12, 0.372460, -1.305898, 0.010032, 0.007827
13, 0.413439, -1.697351, 0.010070, 0.006754
14, 0.401497, -1.989988, 0.009752, 0.004068
15, 0.422265, -2.278093, 0.009620, 0.002154
16, 0.671477, -1.961346, 0.011094, 0.019175
17, 0.346387, -3.207498, 0.009565, 0.015740
18, 0.186943, -4.232770, 0.007623, 0.004040
19, 0.178538, -4.531421, 0.007107, 0.002142
20, 0.254571, -4.882068, 0.007176, 0.001506
21, 0.219640, -5.319997, 0.006538, 0.001996
22, 0.156073, -5.064717, 0.006565, 0.016707
23, 0.128939, -5.742554, 0.005808, 0.000782
24, 0.096404, -5.196741, 0.005527, 0.000514
25, 0.081926, -5.881728, 0.005305, 0.000502
26, -3.293789, 16.570508, 0.007883, 0.063928
27, -0.656208, 27.606019, 0.013260, 0.046993
28, -0.182066, 21.857922, 0.012537, 0.030662
29, -0.097379, 20.407285, 0.011905, 0.016020
30, -0.267382, 18.989337, 0.011782, 0.015127
31, -0.762255, 18.662953, 0.012195, 0.014336
32, -1.020080, 17.144997, 0.012318, 0.016019
33, -1.330944, 20.835932, 0.012762, 0.014395
34, -1.272835, 22.643489, 0.012017, 0.013367
35, -1.218588, 19.404087, 0.012391, 0.011584
36, 0.682542, 12.676782, 0.012091, 0.010309
37, -0.366746, 13.389136, 0.011935, 0.005921
38, -1.261319, 15.556190, 0.011523, 0.006779
39, -0.384745, 16.319848, 0.011358, 0.004685
40, -0.515416, 15.594149, 0.011443, 0.004226
41, -0.311961, 14.645610, 0.010715, 0.003462
42, -0.186725, 12.771623, 0.010754, 0.003143
43, -0.235511, 12.170502, 0.010075, 0.002372
44, -0.244795, 10.672864, 0.009685, 0.002055
45, -0.289598, 9.881701, 0.009401, 0.002081
46, -0.453195, 9.680239, 0.009255, 0.002679
47, 0.234139, 6.982192, 0.009476, 0.004404
48, -0.095178, 6.272129, 0.008637, 0.000880
49, -0.294429, 4.732520, 0.008957, 0.001431
50, -0.522680, 4.668685, 0.008593, 0.001068
51, -0.635859, 5.083268, 0.008744, 0.003376
52, -0.875523, 3.294129, 0.008522, 0.005393
53, -0.980396, 3.190008, 0.008294, 0.004838
54, -1.189924, 4.532499, 0.008311, 0.004537
55, -1.287350, 5.177134, 0.008078, 0.002559
56, -1.747320, 4.084688, 0.007493, 0.003075
57, 0.218489, 5.990350, 0.007121, 0.002330
58, -0.294772, 6.692433, 0.007116, 0.001603
59, -1.084464, 4.526706, 0.007631, 0.005153
60, -1.521385, 3.451381, 0.007125, 0.003507
61, -1.832549, 4.966834, 0.006555, 0.003068
62, -1.592112, 4.538758, 0.007806, 0.018136
63, -1.943391, 3.211733, 0.007586, 0.004967
64, -1.955709, 4.428867, 0.006920, 0.003845
65, -2.219177, 4.555402, 0.006085, 0.003019
66, -2.141458, 5.219078, 0.006258, 0.002419
67, -1.941565, 6.083164, 0.005911, 0.001753
68, -2.334812, 7.006610, 0.005669, 0.001982
69, -2.198057, 8.278262, 0.005700, 0.002116
70, -2.281173, 7.959975, 0.005662, 0.003405
71, -2.385263, 7.204746, 0.005402, 0.002106
72, -2.126244, 4.734791, 0.005480, 0.002633
73, -2.399020, 7.463694, 0.005393, 0.002523
74, -2.173449, 8.674730, 0.005298, 0.001372
75, -1.741544, 7.176597, 0.006701, 0.006697
76, -1.898665, 7.399423, 0.005851, 0.001751
77, -2.245388, 7.434741, 0.005325, 0.001594
78, -2.313873, 7.567259, 0.005068, 0.000926
79, -2.451718, 8.505288, 0.005018, 0.000850
80, -2.091363, 6.962291, 0.004883, 0.001749
81, -0.186117, 8.069128, 0.004816, 0.001301
82, -0.457299, 8.719128, 0.005233, 0.000895
83, -1.513739, 6.446987, 0.004980, 0.000827
84, -1.914289, 7.679680, 0.005174, 0.001162
85, -2.276778, 8.282833, 0.004923, 0.001387
86, -2.467585, 12.857832, 0.005085, 0.000809
87, -2.556290, 11.908867, 0.004894, 0.013121
88, -2.503081, 13.487876, 0.004917, 0.001217
89, -2.738470, 15.029542, 0.005994, 0.048178
90, -2.743620, 14.248166, 0.004989, 0.038077
91, -3.873965, 17.125569, 0.006134, 0.008961
92, -3.556227, 17.382174, 0.007664, 0.009630
93, -2.322152, 14.257506, 0.004962, 0.003428
94, -2.279677, 12.881497, 0.004625, 0.002447
95, -2.387856, 11.477141, 0.004210, 0.001156
96, -2.618158, 11.243820, 0.004867, 0.001384
97, -2.664958, 11.476196, 0.005866, 0.003394
98, -2.725422, 14.326793, 0.004643, 0.001096
99, -2.749742, 12.435703, 0.004582, 0.000757
100, -0.998206, 12.627376, 0.004900, 0.001459
101, -1.890215, 12.907766, 0.004894, 0.001031
102, -2.894700, 15.929533, 0.004573, 0.000761
103, -2.785180, 14.071777, 0.004601, 0.000722
104, -2.037440, 12.553745, 0.004738, 0.000776
105, -2.241440, 13.756852, 0.004791, 0.001735
106, -2.862683, 14.124845, 0.004473, 0.000609
107, -2.812047, 18.284328, 0.004460, 0.000810
108, -2.695223, 19.072110, 0.004729, 0.000856
109, -2.872166, 18.736992, 0.004675, 0.001689
110, -2.430810, 16.771999, 0.004586, 0.002545
111, -2.630318, 19.654317, 0.004345, 0.000573
112, -2.208041, 21.614290, 0.005967, 0.005033
113, -0.668768, 15.939043, 0.005649, 0.000854
114, -2.356613, 18.754439, 0.004911, 0.000459
115, -1.966579, 17.297417, 0.004686, 0.000493
116, -2.340194, 15.953093, 0.004341, 0.000402
117, -2.808011, 19.297506, 0.004148, 0.000398
118, -2.810415, 15.847883, 0.004580, 0.000573
119, -2.931724, 19.139108, 0.005136, 0.001206
120, -3.182066, 17.022274, 0.004312, 0.000343
121, -2.449068, 13.307230, 0.005221, 0.002024
122, -2.729000, 16.293458, 0.004872, 0.001502
123, -2.761975, 15.325554, 0.005437, 0.001171
124, -2.766486, 18.447398, 0.004419, 0.000410
125, -3.078866, 20.645949, 0.004758, 0.001208
126, -2.891349, 20.726504, 0.004625, 0.000534
127, -2.608260, 23.276370, 0.004345, 0.000543
128, -1.782062, 21.601169, 0.004550, 0.000958
129, -3.165708, 20.728253, 0.004355, 0.000273
130, -2.834986, 19.296297, 0.004722, 0.000761
131, -3.320080, 19.551831, 0.004719, 0.000717
132, -3.498321, 19.762664, 0.004529, 0.000439
133, -3.382153, 20.603742, 0.005320, 0.001464
134, -3.475165, 18.063982, 0.006703, 0.012541
135, -1.241284, 10.463290, 0.006226, 0.001896
136, -1.737320, 15.177117, 0.004533, 0.000661
137, -2.442391, 14.688003, 0.004491, 0.000413
138, -3.332808, 16.772587, 0.004368, 0.000272
139, -1.772605, 23.744787, 0.004992, 0.000787
140, -2.222790, 20.327181, 0.004438, 0.000321
141, -2.287306, 20.086350, 0.004215, 0.000370
142, -2.545797, 20.891399, 0.004156, 0.000448
143, -3.045479, 22.112392, 0.004362, 0.000726
144, -2.428679, 22.469072, 0.004701, 0.000858
145, -2.548231, 19.954147, 0.004371, 0.000406
146, -2.289671, 16.131596, 0.004337, 0.000526
147, -3.044397, 18.541336, 0.004373, 0.000441
148, -2.868738, 17.925729, 0.004251, 0.000430
149, -2.903818, 18.835894, 0.004505, 0.000728
150, -3.893841, 22.516479, 0.005047, 0.025571
151, -2.197317, 19.348168, 0.005242, 0.003411
152, -2.740724, 22.723027, 0.005884, 0.002271
153, -2.485386, 20.176291, 0.004281, 0.000410
154, -3.362694, 25.477944, 0.004202, 0.000257
155, -3.805065, 19.883909, 0.004380, 0.000270
156, -3.685758, 24.944277, 0.004531, 0.001822
157, -2.888051, 20.529694, 0.004502, 0.000669
158, -3.496417, 19.968637, 0.004514, 0.000422
159, -2.651241, 20.277719, 0.004770, 0.000575
160, -3.618884, 26.673118, 0.004272, 0.000274
161, -2.791760, 20.494493, 0.005227, 0.010290
162, -2.145234, 26.190319, 0.003983, 0.000368
163, -3.079328, 29.113099, 0.004253, 0.000406
164, -3.125735, 29.223415, 0.004049, 0.000351
165, -2.545123, 31.296532, 0.004575, 0.000687
166, -2.259726, 21.929074, 0.004951, 0.002167
167, -2.777436, 26.343112, 0.004712, 0.000648
168, -3.830141, 22.909194, 0.004170, 0.000260
169, -3.538625, 26.216765, 0.004236, 0.000277
170, -3.551129, 26.328780, 0.004778, 0.001090
171, -3.507214, 27.299406, 0.004420, 0.000583
172, -3.126442, 27.636963, 0.004361, 0.000371
173, -3.258017, 24.888348, 0.004422, 0.000503
174, -3.282338, 30.046764, 0.004263, 0.000349
175, -3.099299, 22.117229, 0.004600, 0.000820
176, -3.742515, 24.472449, 0.004383, 0.000432
177, -3.868587, 22.734854, 0.004578, 0.000509
178, -3.516581, 16.644376, 0.007573, 0.004159
179, -3.574828, 18.135953, 0.005661, 0.000733
180, -3.459888, 13.172724, 0.004801, 0.000392
181, -3.277290, 16.650919, 0.004550, 0.000478
182, -3.102871, 18.311548, 0.004389, 0.000455
183, -2.014955, 12.339231, 0.004333, 0.000437
184, -2.998649, 23.657026, 0.004438, 0.000354
185, -3.251551, 16.922253, 0.004385, 0.000474
186, -3.033225, 15.202897, 0.004339, 0.000866
187, -3.622207, 25.902171, 0.007549, 0.002158
188, -2.316036, 6.992782, 0.004785, 0.002366
189, -2.473549, 11.703062, 0.004535, 0.000790
190, -3.089393, 17.006081, 0.004368, 0.000780
191, -2.688595, 22.900463, 0.004180, 0.000555
192, -2.878812, 20.741051, 0.004085, 0.000359
193, -2.905386, 22.150262, 0.004109, 0.000282
194, -2.283827, 24.398256, 0.004398, 0.000374
195, -3.314587, 25.540340, 0.004085, 0.000527
196, -3.245532, 21.882534, 0.004408, 0.000362
197, -2.402864, 26.463758, 0.004226, 0.001406
198, -3.045412, 28.848544, 0.004645, 0.001616
199, -2.634703, 28.046642, 0.005129, 0.001627
200, -4.103562, 23.670851, 0.004173, 0.000263
