1, 43.319075, 3.158250, 0.029198, 0.101867
2, 1.017396, 3.807738, 0.004298, 0.078173
3, -0.089176, 5.358947, 0.003358, 0.004402
4, -0.247175, 8.086363, 0.003023, 0.013424
5, -0.447869, 13.956816, 0.002772, 0.097478
6, -2.601857, 28.942120, 0.002756, 0.098532
7, -7.890077, 57.874548, 0.002757, 0.098619
8, -11.839370, 80.096089, 0.002755, 0.098294
9, -15.432914, 96.460427, 0.002756, 0.098430
10, -17.716996, 107.994896, 0.002755, 0.098369
11, -17.988981, 110.155611, 0.002758, 0.098244
12, -18.245307, 110.465654, 0.002756, 0.098340
13, -10.861147, 69.985642, 0.005407, 0.095778
14, -4.108466, 42.205007, 0.004494, 0.092276
15, -11.019057, 58.061157, 0.002760, 0.098235
16, -17.475168, 75.604625, 0.002759, 0.098402
17, -19.655896, 88.971268, 0.003203, 0.115485
18, -21.604166, 83.283412, 0.003412, 0.098481
19, -22.283441, 69.841718, 0.003289, 0.097585
20, -14.566700, 35.101251, 0.005526, 0.096509
21, -3.952606, -17.811182, 0.005142, 0.085075
22, -3.666210, -17.658115, 0.005316, 0.091173
23, -7.170879, 0.257377, 0.004857, 0.086077
24, -5.916244, -4.708986, 0.004688, 0.079151
25, -2.234972, -11.516512, 0.005179, 0.074850
26, -2.353142, -11.880312, 0.005381, 0.065545
27, -1.478506, -13.289279, 0.005277, 0.065276
28, -1.352928, -12.549597, 0.005507, 0.050029
29, -3.489727, -15.143644, 0.005295, 0.070471
30, -3.907546, -10.654081, 0.005403, 0.063822
31, -12.335713, 7.052870, 0.003588, 0.089229
32, -2.921496, -33.300609, 0.005804, 0.081826
33, -1.782311, -34.894931, 0.005644, 0.051599
34, -1.996980, -33.521176, 0.005684, 0.042063
35, -1.172307, -35.024984, 0.005665, 0.028825
36, -1.241573, -29.944854, 0.005811, 0.023145
37, -1.618042, -19.356696, 0.005791, 0.026601
38, -1.261762, -29.016352, 0.005633, 0.025239
39, -0.914551, -30.643196, 0.005651, 0.023962
40, -0.812165, -24.713944, 0.005708, 0.018503
41, -0.892834, -31.130761, 0.005655, 0.018857
42, -0.911077, -31.572287, 0.005508, 0.015583
43, -0.907618, -31.708757, 0.005478, 0.015263
44, -0.835741, -25.883609, 0.005572, 0.011708
45, -1.041630, -33.777836, 0.005516, 0.009679
46, -0.982124, -32.301288, 0.005374, 0.007059
47, -0.966809, -29.176480, 0.005473, 0.009052
48, -0.859163, -30.410279, 0.005457, 0.006715
49, -0.902021, -31.000549, 0.005467, 0.006730
50, -0.249951, -28.754146, 0.005366, 0.005380
51, -0.911633, -26.904630, 0.005454, 0.007545
52, -1.111823, -29.608973, 0.005332, 0.008616
53, -1.243088, -32.141426, 0.005368, 0.008068
54, -1.307730, -33.804518, 0.005330, 0.006912
55, -1.291444, -29.550323, 0.005273, 0.006731
56, -1.188638, -33.058657, 0.005206, 0.005571
57, -1.176367, -33.858810, 0.005345, 0.009514
58, -1.363971, -33.522397, 0.005218, 0.005190
59, -1.459562, -30.097859, 0.005245, 0.005346
60, -1.140527, -28.750545, 0.005065, 0.004324
61, -1.740312, -30.187640, 0.005101, 0.007440
62, -2.068565, -32.433704, 0.004997, 0.004198
63, -1.948717, -30.308933, 0.004933, 0.004748
64, -1.782200, -27.099173, 0.004983, 0.003846
65, -1.922911, -26.712764, 0.004976, 0.003328
66, -1.989031, -27.618471, 0.004904, 0.002665
67, -1.358107, -25.527938, 0.004915, 0.002194
68, -1.113856, -29.950144, 0.004808, 0.003730
69, -1.660811, -29.964800, 0.004645, 0.003579
70, -1.869571, -32.072127, 0.004386, 0.002815
71, -1.856534, -33.787705, 0.004290, 0.002723
72, -1.844773, -31.124320, 0.004175, 0.002587
73, -1.832002, -32.736836, 0.003985, 0.001984
74, -1.870922, -32.739432, 0.003611, 0.001448
75, -1.552144, -32.757727, 0.003590, 0.001447
76, -1.659985, -33.217413, 0.003599, 0.002404
77, -1.614690, -31.984533, 0.003644, 0.005755
78, -1.722343, -30.659281, 0.003113, 0.000932
79, -1.453390, -31.472422, 0.003000, 0.000928
80, -1.586268, -31.919957, 0.002941, 0.000835
81, -1.634059, -30.229633, 0.002872, 0.000830
82, -1.626181, -29.159764, 0.002933, 0.003656
83, -1.714045, -27.249980, 0.002901, 0.003867
84, -0.948391, -26.849495, 0.002747, 0.001320
85, -1.390544, -32.579209, 0.003020, 0.002735
86, -1.471703, -31.195910, 0.002508, 0.000689
87, -1.532127, -31.433590, 0.002662, 0.001788
88, -1.533366, -31.360966, 0.002444, 0.000812
89, -1.542129, -29.681608, 0.002426, 0.001257
90, -1.451722, -30.188797, 0.002268, 0.000894
91, -1.139115, -28.880375, 0.002142, 0.000635
92, -1.344466, -30.811597, 0.002045, 0.000656
93, -1.368117, -31.155988, 0.002214, 0.013238
94, -1.300608, -30.506829, 0.001937, 0.005487
95, -1.107212, -29.139090, 0.001833, 0.003665
96, -1.352438, -30.481874, 0.001732, 0.003097
97, -1.325646, -29.562628, 0.001941, 0.003444
98, -1.034969, -30.356092, 0.001816, 0.002293
99, -1.151529, -28.250963, 0.001808, 0.001952
100, -0.585791, -24.449706, 0.001900, 0.001811
101, -0.949083, -29.074471, 0.001819, 0.001642
102, -1.166671, -31.714813, 0.001701, 0.001540
103, -0.970315, -30.294340, 0.001766, 0.000941
104, -0.995126, -29.613908, 0.001708, 0.001758
105, -1.001823, -31.284202, 0.001566, 0.000906
106, -1.019750, -32.296708, 0.001794, 0.001663
107, -1.319498, -28.276166, 0.002365, 0.029374
108, -1.205579, -29.972063, 0.001513, 0.004032
109, -1.172696, -28.145098, 0.001418, 0.003355
110, -1.263051, -28.705897, 0.001408, 0.002666
111, -1.168905, -26.328828, 0.001421, 0.001685
112, -1.296751, -26.596520, 0.001394, 0.001015
113, -0.637400, -24.815794, 0.001984, 0.003744
114, -0.170956, -20.955020, 0.001877, 0.001317
115, -0.791667, -27.339105, 0.001686, 0.000972
116, -1.145932, -30.176070, 0.001686, 0.001204
117, -1.263443, -30.075349, 0.001752, 0.001499
118, -1.022018, -32.744546, 0.001460, 0.000908
119, -0.711732, -32.783368, 0.001717, 0.001499
120, -0.991194, -33.852948, 0.001434, 0.000778
121, -0.964517, -31.400251, 0.001436, 0.000790
122, -1.030812, -33.355308, 0.001378, 0.000634
123, -1.009180, -32.870718, 0.001339, 0.000832
124, -0.964068, -32.943539, 0.001453, 0.000740
125, -1.028050, -33.118096, 0.001828, 0.003479
126, -0.978174, -31.004479, 0.001408, 0.000614
127, -1.140199, -32.914904, 0.001302, 0.000422
128, -1.154306, -32.780212, 0.001334, 0.000600
129, -1.163169, -32.543976, 0.001372, 0.000550
130, -1.006840, -30.505800, 0.001473, 0.000613
131, -1.233239, -30.610769, 0.001492, 0.000844
132, -0.865095, -29.645008, 0.001443, 0.000529
133, -1.120279, -30.370399, 0.001403, 0.000370
134, -0.896941, -28.029308, 0.001459, 0.000461
135, -1.041286, -29.262767, 0.001703, 0.007902
136, -1.027605, -31.064594, 0.001387, 0.004148
137, -1.019058, -29.297148, 0.001423, 0.002913
138, -0.343311, -31.944546, 0.001345, 0.000825
139, -0.407605, -30.730090, 0.001524, 0.000809
140, -0.427021, -32.558400, 0.001420, 0.003003
141, -0.203334, -32.551200, 0.001462, 0.000690
142, -0.742090, -32.459478, 0.001494, 0.001752
143, -0.824171, -35.876611, 0.001600, 0.001393
144, -0.845260, -37.985994, 0.001263, 0.000528
145, -0.818337, -37.780335, 0.001213, 0.000592
146, -0.860846, -39.508989, 0.001495, 0.002671
147, -0.860673, -40.324217, 0.001155, 0.000692
148, -0.906302, -38.716434, 0.001109, 0.000651
149, 3.523595, -36.905788, 0.001205, 0.000369
150, 0.043141, -30.677150, 0.001482, 0.000307
151, 0.064765, -29.984053, 0.001689, 0.000593
152, -0.049576, -31.196473, 0.001714, 0.002196
153, -0.295058, -29.158899, 0.002338, 0.004564
154, -0.311079, -32.918026, 0.001669, 0.000912
155, -0.462913, -36.744094, 0.001386, 0.000622
156, -0.655957, -38.243165, 0.001533, 0.001518
157, -0.627932, -39.050582, 0.001187, 0.000443
158, -0.605014, -42.056475, 0.001112, 0.000518
159, -0.812741, -42.425745, 0.001154, 0.000488
160, -0.464006, -42.914850, 0.001221, 0.000624
161, -0.312261, -39.139694, 0.001400, 0.000803
162, -0.617617, -45.001081, 0.001472, 0.001735
163, -0.544430, -45.947210, 0.001167, 0.000639
164, -0.731675, -43.826680, 0.001485, 0.000894
165, 1.296034, -25.827074, 0.001940, 0.000660
166, -0.099957, -28.887867, 0.001616, 0.000508
167, -0.371279, -30.774201, 0.001434, 0.000478
168, -0.418834, -35.071851, 0.001383, 0.000658
169, -0.375188, -41.938430, 0.001411, 0.003777
170, -0.457530, -44.391386, 0.001367, 0.001832
171, -0.620165, -45.026039, 0.001237, 0.000712
172, -0.657890, -45.505092, 0.001168, 0.000868
173, -0.575247, -44.780851, 0.001026, 0.000510
174, -0.530778, -44.628255, 0.001208, 0.000797
175, -0.110005, -35.409645, 0.001241, 0.000367
176, -0.529792, -35.438724, 0.001427, 0.001042
177, -0.450271, -40.737431, 0.001131, 0.000511
178, -0.818424, -39.462772, 0.001591, 0.005953
179, -0.487862, -42.024673, 0.001193, 0.000458
180, -0.613067, -44.688874, 0.001161, 0.000435
181, -0.337409, -44.356189, 0.001043, 0.000432
182, -0.400289, -40.606827, 0.001043, 0.000309
183, -0.543509, -41.885742, 0.001124, 0.000444
184, -0.480832, -41.194501, 0.001096, 0.000313
185, -0.448742, -39.269699, 0.001200, 0.000600
186, -0.435318, -45.202420, 0.001061, 0.000431
187, -0.288132, -42.270560, 0.001056, 0.000437
188, -0.087868, -42.357791, 0.000993, 0.000413
189, -0.147701, -38.354675, 0.001082, 0.000412
190, -0.428649, -40.245790, 0.001135, 0.000603
191, -0.455106, -45.963639, 0.001114, 0.000562
192, -0.624494, -46.092011, 0.001113, 0.000412
193, -0.457596, -46.673708, 0.001100, 0.000514
194, -0.417084, -46.384801, 0.000911, 0.000288
195, -0.508475, -43.801303, 0.001007, 0.000545
196, -0.347320, -41.810798, 0.000965, 0.000871
197, -0.520244, -44.346282, 0.001002, 0.000697
198, -0.677558, -47.470590, 0.001070, 0.000634
199, -0.348839, -42.693298, 0.000996, 0.000299
200, -0.339893, -45.853860, 0.001129, 0.000398
