1, 80.370350, 4.000330, 0.045720, 0.112538
2, 1.706616, 3.204394, 0.004359, 0.110910
3, 0.607308, 5.183910, 0.006866, 0.046600
4, -0.226737, 6.552075, 0.004685, 0.003341
5, -0.424440, 9.007891, 0.004535, 0.004181
6, -0.534489, 12.585017, 0.004446, 0.002608
7, -1.320139, 19.987382, 0.004417, 0.001107
8, -5.411619, 36.197040, 0.004417, 0.000662
9, -10.165685, 55.598603, 0.004403, 0.003004
10, -14.105174, 71.749493, 0.004406, 0.046219
11, -18.824352, 85.689348, 0.004350, 0.108383
12, -24.387264, 94.800713, 0.004351, 0.108231
13, -28.402525, 102.993731, 0.004351, 0.107690
14, -32.981741, 105.685237, 0.004351, 0.107419
15, -32.369326, 102.194733, 0.004355, 0.107049
16, -4.103688, 37.824743, 0.010458, 0.132177
17, -1.311145, 24.839170, 0.007794, 0.080111
18, 0.162962, 19.058440, 0.008104, 0.068248
19, -1.599481, 22.538928, 0.008417, 0.051511
20, -1.499986, 13.015823, 0.008445, 0.063881
21, -0.522542, 9.182959, 0.008537, 0.041812
22, -1.107989, 9.068687, 0.008400, 0.033264
23, -1.414607, 8.422667, 0.008272, 0.032006
24, -1.699190, 7.451100, 0.008624, 0.030353
25, -1.465264, 3.435408, 0.008859, 0.031793
26, -0.922104, 6.080174, 0.009034, 0.019397
27, -0.888911, 6.665287, 0.008737, 0.014232
28, -0.879914, 7.537903, 0.008596, 0.010961
29, -0.871853, 7.081893, 0.008614, 0.014503
30, -0.999880, 7.352327, 0.008633, 0.010010
31, -1.000486, 7.853127, 0.008604, 0.008204
32, -1.091951, 8.358832, 0.008558, 0.016000
33, -0.568847, 7.387819, 0.008593, 0.008152
34, -0.637716, 3.207533, 0.008785, 0.007189
35, -0.913731, 3.262593, 0.008564, 0.006940
36, -1.409046, 3.841922, 0.008666, 0.006252
37, -1.321789, 4.942183, 0.008518, 0.003744
38, -1.472867, 5.661009, 0.008419, 0.003685
39, -1.186308, 5.907387, 0.008401, 0.003613
40, -1.463998, 1.816266, 0.008311, 0.002612
41, -1.667873, 4.691703, 0.008231, 0.002252
42, -1.787651, 3.594805, 0.008361, 0.002870
43, -2.087172, 2.924113, 0.008163, 0.002821
44, -2.180799, 5.792652, 0.008149, 0.001798
45, -2.221536, 9.295820, 0.008034, 0.001480
46, -2.950084, 9.928247, 0.008059, 0.002325
47, -2.783289, 11.704063, 0.008113, 0.001620
48, -2.902651, 13.087432, 0.007873, 0.001114
49, -3.105216, 13.717208, 0.007890, 0.002108
50, -3.041203, 16.781418, 0.007779, 0.001758
51, -3.176818, 16.331121, 0.007612, 0.001128
52, -3.400122, 15.682770, 0.007578, 0.001443
53, -1.442705, 15.967960, 0.007297, 0.000625
54, -2.660514, 15.185494, 0.007317, 0.000816
55, -3.271834, 15.491702, 0.007133, 0.001971
56, -3.256542, 15.332941, 0.006869, 0.001853
57, -3.332456, 15.755885, 0.006610, 0.000866
58, -3.285534, 15.156581, 0.006481, 0.000892
59, -3.546614, 18.571586, 0.006453, 0.065000
60, -3.167143, 19.524676, 0.006180, 0.008866
61, -3.620036, 20.194434, 0.006045, 0.010384
62, -3.440302, 18.843269, 0.005944, 0.006985
63, -3.432941, 16.016575, 0.005702, 0.004404
64, -1.931083, 16.655995, 0.005800, 0.002825
65, -2.980502, 15.890348, 0.005710, 0.005067
66, -3.125797, 17.210764, 0.005334, 0.003501
67, -3.087017, 18.463925, 0.005149, 0.001479
68, -3.056906, 15.206012, 0.005109, 0.001130
69, -2.950230, 14.765767, 0.004681, 0.000799
70, -2.811561, 16.357219, 0.004479, 0.000642
71, -2.893673, 12.922229, 0.004471, 0.000802
72, -2.871954, 13.089417, 0.004240, 0.000509
73, -2.811049, 13.481717, 0.003998, 0.000670
74, -2.550344, 11.577288, 0.004148, 0.003264
75, -2.772801, 12.546498, 0.003901, 0.000843
76, -2.562164, 14.061029, 0.003764, 0.000676
77, -2.165392, 12.028503, 0.003252, 0.000508
78, -2.033668, 12.384766, 0.002937, 0.000432
79, -1.985233, 11.027677, 0.002890, 0.000592
80, -2.048514, 10.822690, 0.002844, 0.000485
81, -1.953700, 10.134720, 0.002545, 0.000563
82, -1.910857, 11.005925, 0.002368, 0.000714
83, -1.729222, 11.205822, 0.002503, 0.000693
84, -0.939371, 12.143459, 0.002150, 0.000415
85, -1.417568, 10.881382, 0.002109, 0.000349
86, -1.571959, 11.969146, 0.002020, 0.001453
87, -1.568056, 12.005683, 0.001927, 0.000739
88, -1.676783, 11.378273, 0.002344, 0.000849
89, -1.686497, 11.759730, 0.001777, 0.000359
90, -1.648100, 10.692937, 0.001786, 0.000313
91, -1.763921, 10.763260, 0.002096, 0.000675
92, -1.358420, 8.359736, 0.002017, 0.000426
93, -0.165508, 15.258008, 0.001926, 0.000702
94, 0.024661, 19.298258, 0.001663, 0.000239
95, -0.037529, 18.151698, 0.001657, 0.000293
96, -0.266307, 14.382386, 0.001829, 0.000843
97, -0.923713, 10.752308, 0.001771, 0.000686
98, -1.180330, 8.826318, 0.001801, 0.000600
99, -1.229412, 8.708299, 0.001624, 0.000563
100, -1.302843, 8.888419, 0.001575, 0.000352
101, -1.304163, 8.964796, 0.002341, 0.001005
102, -1.204316, 5.024087, 0.001745, 0.000380
103, -1.195955, 8.378054, 0.001619, 0.000510
104, -1.258942, 9.366083, 0.001614, 0.000294
105, -0.727670, 10.493276, 0.001528, 0.000391
106, -1.071774, 9.863808, 0.001452, 0.000818
107, -0.949598, 10.183600, 0.001472, 0.000314
108, -1.107726, 9.722920, 0.001845, 0.000560
109, -1.055464, 8.407982, 0.001359, 0.000299
110, -0.980817, 9.561617, 0.001392, 0.000325
111, -1.056243, 9.134207, 0.001408, 0.010587
112, -1.017976, 8.418269, 0.001626, 0.001289
113, -1.090253, 7.082729, 0.001588, 0.000344
114, -1.027084, 7.850524, 0.001346, 0.000276
115, -1.091297, 8.491571, 0.001362, 0.000538
116, -1.050614, 8.015465, 0.001237, 0.000227
117, -1.100976, 9.707313, 0.001292, 0.000328
118, -0.978489, 10.447267, 0.001263, 0.000250
119, -0.968720, 10.953827, 0.001296, 0.000334
120, -1.061399, 9.669906, 0.001475, 0.000399
121, -1.152249, 11.625548, 0.002415, 0.000891
122, -0.520449, 13.761244, 0.002718, 0.000690
123, -0.938649, 14.262674, 0.002626, 0.000457
124, -0.987587, 13.177299, 0.002139, 0.000324
125, -0.539724, 14.185736, 0.002271, 0.001409
126, -0.601507, 15.320188, 0.001510, 0.000258
127, -0.602493, 17.361652, 0.001517, 0.000213
128, -0.735994, 13.198124, 0.001512, 0.000858
129, -0.743554, 9.589934, 0.002056, 0.003213
130, -0.653984, 9.351924, 0.001699, 0.000353
131, -0.553110, 9.721020, 0.001703, 0.000378
132, -0.640116, 9.916534, 0.001293, 0.000378
133, -0.696433, 9.524864, 0.001268, 0.000335
134, -0.693740, 8.651827, 0.001204, 0.001791
135, -0.671156, 8.364402, 0.001118, 0.000468
136, -0.703217, 8.688734, 0.001113, 0.000469
137, -0.706672, 8.376700, 0.000959, 0.000252
138, 0.067183, 11.044746, 0.001060, 0.000246
139, -0.140932, 12.829983, 0.001604, 0.000310
140, -0.420856, 10.705925, 0.001462, 0.000235
141, -0.596426, 9.496378, 0.001271, 0.000477
142, -0.607138, 9.003661, 0.001071, 0.000236
143, -0.613469, 7.775245, 0.001011, 0.000281
144, -0.602673, 8.788016, 0.001030, 0.002795
145, -0.726142, 8.787405, 0.001487, 0.000689
146, -0.326228, 6.533378, 0.001576, 0.000704
147, -0.503787, 3.600487, 0.001077, 0.000212
148, -0.564196, 4.370967, 0.000968, 0.000215
149, -0.651329, 6.001928, 0.001169, 0.000293
150, -0.364444, 7.493956, 0.001290, 0.000643
151, -0.090888, 13.137349, 0.002453, 0.000995
152, -0.409748, 9.456265, 0.001723, 0.000337
153, -0.542483, 8.496328, 0.001404, 0.000334
154, -0.558347, 8.051908, 0.000976, 0.000256
155, -0.659960, 8.351895, 0.001283, 0.000567
156, -0.663085, 12.601018, 0.001783, 0.000386
157, -0.570568, 10.213220, 0.001346, 0.000919
158, -0.481396, 9.726433, 0.000909, 0.000226
159, -0.289910, 12.682714, 0.001090, 0.000175
160, -0.687090, 9.122602, 0.001185, 0.001087
161, -0.670048, 5.801912, 0.001576, 0.000722
162, -0.815631, 7.385868, 0.001230, 0.000255
163, -0.735921, 6.520609, 0.001144, 0.000210
164, 0.438302, 6.264983, 0.001084, 0.000435
165, -0.069181, 8.904290, 0.002093, 0.000352
166, -0.289211, 8.794965, 0.001830, 0.000341
167, -0.597313, 8.132497, 0.001698, 0.000263
168, -0.554787, 7.207931, 0.001464, 0.000244
169, -0.652702, 5.793390, 0.001309, 0.000263
170, -0.768166, 6.258741, 0.001450, 0.000277
171, -0.673502, 5.399937, 0.001496, 0.000748
172, -0.771450, 9.086340, 0.001558, 0.000524
173, -0.721281, 7.140976, 0.001559, 0.000623
174, -0.130314, 5.163694, 0.001296, 0.000222
175, -0.385431, 6.538188, 0.001322, 0.000176
176, -0.658215, 5.248926, 0.001267, 0.000184
177, -0.674846, 5.912653, 0.001614, 0.001366
178, -0.605195, 3.975270, 0.001234, 0.000235
179, -0.666407, 3.488146, 0.001137, 0.000266
180, -0.718410, 2.432831, 0.001705, 0.000531
181, -0.919627, 2.012140, 0.001952, 0.000543
182, -0.235933, 1.958640, 0.001354, 0.000186
183, -0.599149, 0.368038, 0.001233, 0.000203
184, -0.846274, -1.338774, 0.001407, 0.000347
185, -0.516239, 0.561131, 0.001286, 0.000236
186, -0.793628, -0.656574, 0.001441, 0.000311
187, -1.033649, 2.192214, 0.001428, 0.000223
188, -0.416170, 0.093827, 0.001120, 0.000171
189, -0.524068, 0.206888, 0.001042, 0.000971
190, -0.429342, -1.100816, 0.000848, 0.000490
191, 0.303123, -0.697831, 0.000887, 0.000163
192, -0.104940, -0.110084, 0.001100, 0.000175
193, -0.264261, 0.191737, 0.001045, 0.000172
194, -0.330077, -0.496033, 0.000957, 0.000227
195, -0.270541, 0.618993, 0.000982, 0.000258
196, -0.527878, -0.133949, 0.001073, 0.000300
197, -0.829660, -3.028799, 0.002191, 0.004219
198, -0.420223, -6.798756, 0.001737, 0.000657
199, -0.172166, -1.600059, 0.001779, 0.000433
200, -0.404100, -5.055759, 0.001389, 0.000326
