1, 86.556538, 3.646483, 0.046936, 0.060937
2, 1.653554, 0.934103, 0.001079, 0.058553
3, 2.138626, -0.594362, 0.008733, 0.051258
4, 0.408500, -2.705557, 0.001695, 0.055806
5, -0.032664, -2.041307, 0.001066, 0.057984
6, 0.322790, -1.385730, 0.003453, 0.055812
7, -0.025889, -0.844910, 0.001691, 0.038797
8, -0.169447, 0.133034, 0.001306, 0.010242
9, -0.247795, 2.007961, 0.001172, 0.002716
10, -0.604189, 6.740353, 0.001130, 0.002059
11, -2.046736, 17.820858, 0.001120, 0.001424
12, 0.971956, 18.879058, 0.005085, 0.048595
13, 0.107265, 8.166571, 0.002330, 0.041515
14, -1.736919, 13.096373, 0.001313, 0.057347
15, -1.112425, 31.439460, 0.001065, 0.057410
16, -4.797417, 49.225375, 0.001066, 0.057510
17, -6.373999, 62.208129, 0.001075, 0.057462
18, -7.306179, 72.156479, 0.001066, 0.057492
19, -7.983031, 83.947273, 0.001065, 0.057476
20, -7.827062, 86.890301, 0.001065, 0.057818
21, -8.201746, 87.095783, 0.001066, 0.057510
22, -7.784696, 87.173187, 0.001065, 0.057425
23, -8.794652, 90.290227, 0.001067, 0.057253
24, -7.487423, 90.195771, 0.001066, 0.057407
25, -8.801457, 97.406569, 0.001068, 0.057532
26, -9.013104, 97.450360, 0.001066, 0.057465
27, -8.312062, 100.076509, 0.001065, 0.057463
28, -8.561176, 98.507499, 0.001069, 0.057563
29, -9.156817, 100.288442, 0.001069, 0.057513
30, -9.024984, 106.696328, 0.001066, 0.057383
31, -8.618005, 96.199342, 0.001065, 0.057465
32, -9.196521, 96.264661, 0.001065, 0.057380
33, -9.613306, 98.112218, 0.001065, 0.057381
34, -9.594919, 100.520630, 0.001066, 0.057517
35, -9.313604, 98.115515, 0.001068, 0.057480
36, -7.108973, 89.607359, 0.001074, 0.057378
37, -2.535603, 74.734505, 0.001065, 0.057273
38, -7.877623, 65.381557, 0.001067, 0.057552
39, -8.290677, 65.862505, 0.001065, 0.057320
40, -9.277760, 71.670327, 0.001066, 0.057306
41, -7.084632, 69.580713, 0.001065, 0.057253
42, -9.038522, 69.962738, 0.001065, 0.057359
43, -9.352598, 70.436186, 0.001067, 0.057247
44, -0.304859, 63.582739, 0.001065, 0.057210
45, -8.371055, 68.664533, 0.001066, 0.057411
46, -9.312078, 76.311731, 0.001065, 0.057219
47, -9.730382, 77.991582, 0.001065, 0.057161
48, -9.011460, 73.463829, 0.001065, 0.057378
49, -9.443726, 69.647776, 0.001074, 0.057184
50, -9.263470, 70.975865, 0.001066, 0.057084
51, -10.005628, 75.543796, 0.001066, 0.057258
52, -3.748157, 63.672170, 0.001068, 0.057325
53, -8.150642, 66.927096, 0.001065, 0.057207
54, -8.834449, 68.490046, 0.001065, 0.057311
55, -9.471127, 70.176814, 0.001065, 0.057308
56, -9.977829, 74.792613, 0.001066, 0.057193
57, -10.594034, 77.685630, 0.001072, 0.057141
58, -10.259931, 80.704354, 0.001073, 0.057169
59, -6.260502, 65.755292, 0.003668, 0.154236
60, -3.944753, 37.119520, 0.001843, 0.053118
61, -10.046116, 66.074088, 0.001073, 0.057268
62, -10.644728, 76.377611, 0.001071, 0.057192
63, -11.220329, 81.826149, 0.001070, 0.057494
64, -6.672999, 68.688786, 0.002821, 0.057302
65, -5.064259, 42.683250, 0.001716, 0.051693
66, -10.103644, 72.740072, 0.001069, 0.057342
67, -10.015550, 75.986568, 0.001068, 0.057201
68, -10.302982, 82.271890, 0.001069, 0.057234
69, -10.913686, 89.548160, 0.001069, 0.057186
70, -10.679347, 87.759004, 0.001070, 0.057224
71, -10.646169, 88.836790, 0.001072, 0.057199
72, -8.652234, 72.142813, 0.001078, 0.057205
73, -9.565061, 76.105812, 0.001070, 0.057329
74, -10.228489, 76.193382, 0.001067, 0.057061
75, -10.181981, 73.664939, 0.001066, 0.057348
76, -10.107846, 74.648368, 0.001068, 0.057130
77, -6.255256, 52.898698, 0.003240, 0.053854
78, -9.552045, 50.291755, 0.001067, 0.057358
79, -10.399127, 67.257752, 0.001074, 0.057173
80, -9.947321, 67.874421, 0.001104, 0.057095
81, -10.666351, 72.824636, 0.001069, 0.057137
82, -10.575690, 69.734707, 0.001075, 0.057126
83, -10.645519, 67.885409, 0.001102, 0.057128
84, -10.957210, 71.056779, 0.001111, 0.057165
85, -6.591981, 29.047931, 0.003135, 0.057033
86, -10.753328, 52.678258, 0.001086, 0.057268
87, -10.720430, 55.892488, 0.001086, 0.057208
88, -8.933371, 54.028548, 0.001086, 0.057168
89, -10.786309, 59.758959, 0.001094, 0.057254
90, -11.040910, 60.097848, 0.001094, 0.057129
91, -11.246940, 58.993929, 0.001077, 0.057223
92, -8.881074, 41.871804, 0.002740, 0.059170
93, -9.201542, 4.103004, 0.001094, 0.057290
94, -10.583003, 19.020806, 0.001068, 0.057183
95, -11.190935, 28.260248, 0.001065, 0.057158
96, -11.182003, 32.468969, 0.003017, 0.059445
97, -11.967181, 35.229638, 0.001114, 0.057260
98, -11.688800, 31.290731, 0.001105, 0.057210
99, -12.042145, 26.905458, 0.001243, 0.057056
100, -11.520325, 30.296032, 0.001084, 0.057141
101, -12.063247, 18.518630, 0.001073, 0.057234
102, -10.592187, 9.623098, 0.001069, 0.057179
103, -9.116512, -1.532326, 0.002442, 0.056913
104, -9.999878, -19.328645, 0.001086, 0.057145
105, -10.449419, -13.040227, 0.001082, 0.057277
106, -8.885042, -18.015945, 0.001968, 0.057284
107, -5.520579, -61.582908, 0.002401, 0.056666
108, -0.529572, -94.047656, 0.002156, 0.049149
109, -0.950324, -87.516641, 0.002057, 0.052261
110, -1.964266, -82.751827, 0.002179, 0.051649
111, -0.889863, -91.460147, 0.002073, 0.053843
112, -2.119977, -80.882695, 0.001867, 0.055046
113, -1.915607, -75.223701, 0.002306, 0.050623
114, -2.578625, -74.397537, 0.001923, 0.053728
115, -2.883023, -65.610499, 0.001879, 0.052798
116, -2.726089, -61.676285, 0.001945, 0.053438
117, -2.437962, -64.508471, 0.002054, 0.052014
118, -2.144624, -68.213302, 0.001875, 0.052178
119, -2.323700, -65.440981, 0.001913, 0.049299
120, -2.395712, -68.023650, 0.002151, 0.047480
121, -2.234819, -70.474936, 0.002027, 0.049845
122, -1.902686, -60.591349, 0.001961, 0.039898
123, -1.954284, -60.378754, 0.001978, 0.042430
124, -1.605099, -63.929413, 0.002188, 0.047983
125, -1.681243, -73.535748, 0.002163, 0.039625
126, -1.198435, -72.437781, 0.002005, 0.028721
127, -1.202508, -73.858683, 0.001848, 0.027230
128, -1.117274, -79.159634, 0.001975, 0.026246
129, -1.357642, -77.330683, 0.002119, 0.023531
130, -1.514795, -76.653255, 0.001860, 0.023281
131, -1.370654, -77.296301, 0.001830, 0.020300
132, -1.510361, -76.124580, 0.001809, 0.018335
133, -1.254943, -81.085213, 0.001818, 0.014388
134, -1.156942, -79.030546, 0.001701, 0.015473
135, -2.175403, -85.534318, 0.001692, 0.023178
136, -1.579932, -88.729157, 0.002020, 0.020956
137, -1.296659, -88.647914, 0.001807, 0.018679
138, -1.305372, -83.475566, 0.001690, 0.030731
139, -1.558552, -80.701163, 0.001748, 0.015141
140, -1.400824, -80.495560, 0.001849, 0.020980
141, -1.373587, -83.347095, 0.001819, 0.014864
142, -1.445824, -84.258142, 0.001871, 0.017698
143, -1.468846, -84.905240, 0.001791, 0.012769
144, -1.529320, -88.029396, 0.001820, 0.013058
145, -1.475250, -87.461349, 0.001635, 0.010207
146, -1.475543, -88.131435, 0.001727, 0.012640
147, -0.999067, -86.468438, 0.001659, 0.009435
148, -1.512685, -85.544406, 0.001611, 0.011125
149, -1.519626, -86.955432, 0.001623, 0.007389
150, -1.642040, -84.649396, 0.001648, 0.006578
151, -1.524756, -86.717232, 0.001740, 0.009649
152, -1.507177, -87.522597, 0.001619, 0.006454
153, -1.742098, -85.448389, 0.001602, 0.005644
154, -1.753079, -86.407160, 0.001709, 0.007445
155, -1.497897, -89.618732, 0.001841, 0.008110
156, -1.827068, -91.010361, 0.001586, 0.006032
157, -1.853649, -92.806042, 0.001827, 0.027090
158, -2.145055, -94.401255, 0.001617, 0.021798
159, -1.629523, -89.671863, 0.001654, 0.008670
160, -1.548652, -87.220524, 0.001493, 0.006392
161, -1.167271, -84.607183, 0.001552, 0.007505
162, -1.579425, -85.650839, 0.001597, 0.005903
163, -2.546682, -85.817026, 0.001511, 0.006466
164, -2.485503, -86.526803, 0.001654, 0.007305
165, -1.099154, -96.132138, 0.001648, 0.006384
166, -1.194433, -96.897307, 0.001422, 0.004514
167, -1.861264, -92.019327, 0.001345, 0.005271
168, -1.779215, -96.729182, 0.001327, 0.003252
169, -1.399093, -99.102688, 0.001692, 0.004361
170, -1.574971, -99.305767, 0.001584, 0.003295
171, -1.101330, -100.218049, 0.001410, 0.002086
172, -1.231994, -94.125134, 0.001510, 0.001783
173, -1.112932, -97.553933, 0.001252, 0.001531
174, -1.278520, -98.984467, 0.001392, 0.002708
175, -1.691304, -99.178411, 0.001438, 0.001552
176, -1.747110, -94.065772, 0.001249, 0.001341
177, -1.625133, -92.787242, 0.001524, 0.001445
178, -1.641813, -94.304962, 0.001456, 0.001228
179, -1.734567, -92.956526, 0.001587, 0.001270
180, -1.478096, -94.544398, 0.001505, 0.000866
181, -1.227246, -89.374378, 0.001647, 0.006068
182, -1.230438, -88.845674, 0.001599, 0.001481
183, -1.303410, -92.455079, 0.001608, 0.001365
184, -1.307984, -96.935012, 0.001361, 0.001028
185, -1.832447, -91.699652, 0.001568, 0.001610
186, -1.631559, -90.917903, 0.001480, 0.002384
187, -1.374870, -87.711837, 0.001265, 0.000766
188, -1.057486, -88.891826, 0.001477, 0.001089
189, -1.530959, -89.424950, 0.001271, 0.000761
190, -0.446366, -94.273073, 0.001597, 0.001132
191, -1.537036, -92.673395, 0.001655, 0.001141
192, -1.579538, -94.523508, 0.001757, 0.038960
193, -1.866349, -93.619997, 0.001369, 0.038494
194, -1.906703, -93.996397, 0.001328, 0.013692
195, -1.613065, -93.509494, 0.001315, 0.011583
196, -1.267966, -100.523311, 0.001408, 0.001722
197, -1.002719, -100.563277, 0.001072, 0.001100
198, -0.890197, -100.645099, 0.000841, 0.000795
199, -0.925024, -98.866167, 0.000950, 0.000825
200, -1.152095, -102.601450, 0.000933, 0.000879
